Circle/WIN_20240427_17_04_14_Pro.jpg 1 758 303 179 168
Circle/WIN_20240427_17_04_28_Pro.jpg 1 600 201 518 403
Circle/WIN_20240427_17_04_38_Pro.jpg 1 473 356 336 337
Circle/WIN_20240427_17_04_48_Pro.jpg 1 573 118 620 693
Circle/WIN_20240427_17_04_58_Pro.jpg 1 1006 319 197 204
Circle/WIN_20240427_17_05_06_Pro.jpg 1 1129 163 221 216
Circle/WIN_20240427_17_05_13_Pro.jpg 1 1084 243 399 363
Circle/WIN_20240427_17_05_21_Pro.jpg 1 880 413 265 258
Circle/WIN_20240427_17_05_37_Pro.jpg 1 630 141 261 248
Circle/WIN_20240427_17_05_51_Pro.jpg 1 714 288 376 308
Circle/WIN_20240427_17_06_01_Pro.jpg 1 376 108 609 587
Circle/WIN_20240427_17_06_11_Pro.jpg 1 390 126 519 561
Circle/WIN_20240427_17_06_22_Pro.jpg 1 454 168 488 418
Circle/WIN_20240427_17_06_32_Pro.jpg 1 792 199 463 464
Circle/WIN_20240427_17_06_42_Pro.jpg 1 732 171 450 436
Circle/WIN_20240427_17_06_52_Pro.jpg 3 386 249 302 349 691 253 289 345 1002 181 420 363
Circle/WIN_20240427_17_07_06_Pro.jpg 2 594 457 353 316 1026 420 404 331
Circle/WIN_20240427_17_07_17_Pro.jpg 1 546 207 431 360
Circle/WIN_20240427_17_07_27_Pro.jpg 1 386 91 775 740
Circle/WIN_20240427_17_07_37_Pro.jpg 1 447 142 164 121
Circle/WIN_20240427_17_07_47_Pro.jpg 4 492 278 122 129 482 419 90 78 478 495 114 92 580 378 106 115
Circle/WIN_20240427_17_07_54_Pro.jpg 1 348 336 385 355
Circle/WIN_20240427_17_08_01_Pro.jpg 1 518 325 269 238
Circle/WIN_20240427_17_08_09_Pro.jpg 1 509 230 348 337
Circle/WIN_20240427_17_08_20_Pro.jpg 1 630 143 368 336
Circle/WIN_20240427_17_08_34_Pro.jpg 1 483 315 366 332
Circle/WIN_20240427_17_08_44_Pro.jpg 2 677 91 228 200 639 712 227 120
Circle/WIN_20240427_17_08_53_Pro.jpg 1 802 151 300 263
Circle/WIN_20240427_17_09_13_Pro.jpg 1 850 262 372 249
Circle/WIN_20240427_17_09_26_Pro.jpg 1 458 217 338 274
Circle/WIN_20240427_17_09_33_Pro.jpg 1 918 490 304 257
Circle/WIN_20240427_17_09_41_Pro.jpg 1 549 282 421 367
Circle/WIN_20240427_17_09_48_Pro.jpg 1 860 138 332 341
Circle/WIN_20240427_17_09_58_Pro.jpg 1 670 471 274 272
Circle/WIN_20240427_17_10_10_Pro.jpg 2 466 103 198 148 525 171 673 636
Circle/WIN_20240427_17_10_20_Pro.jpg 1 398 267 535 561
Circle/WIN_20240427_17_10_30_Pro.jpg 1 442 119 445 438
Circle/WIN_20240427_17_10_37_Pro.jpg 1 434 189 418 450
Circle/WIN_20240427_17_10_44_Pro.jpg 1 399 451 315 293
Circle/WIN_20240427_17_10_48_Pro.jpg 2 578 319 212 180 410 459 300 276
Circle/WIN_20240427_17_10_56_Pro.jpg 1 394 288 555 536
Circle/WIN_20240427_17_11_05_Pro.jpg 1 517 102 405 351
Circle/WIN_20240427_17_11_13_Pro.jpg 1 442 154 369 432
Circle/WIN_20240427_17_11_21_Pro.jpg 1 492 287 396 355
Circle/WIN_20240427_17_11_29_Pro.jpg 1 560 159 444 453
Circle/WIN_20240427_17_11_37_Pro.jpg 1 441 525 203 166
Circle/WIN_20240427_17_11_43_Pro.jpg 1 429 228 337 287
Circle/WIN_20240427_17_11_50_Pro.jpg 1 398 131 145 110
Circle/WIN_20240427_17_11_56_Pro.jpg 1 276 711 191 121
Circle/WIN_20240427_17_12_03_Pro.jpg 1 558 671 231 161
