Rectangle/WIN_20240427_17_14_08_Pro.jpg 1 764 320 224 208
Rectangle/WIN_20240427_17_14_22_Pro.jpg 1 460 234 320 310
Rectangle/WIN_20240427_17_14_47_Pro.jpg 1 1028 430 168 194
Rectangle/WIN_20240427_17_15_00_Pro.jpg 1 818 366 370 348
Rectangle/WIN_20240427_17_15_15_Pro.jpg 1 412 334 296 232
Rectangle/WIN_20240427_17_15_27_Pro.jpg 1 552 142 272 246
Rectangle/WIN_20240427_17_15_39_Pro.jpg 1 842 194 202 214
Rectangle/WIN_20240427_17_15_50_Pro.jpg 1 512 466 348 340
Rectangle/WIN_20240427_17_16_09_Pro.jpg 1 326 446 296 324
Rectangle/WIN_20240427_17_16_20_Pro.jpg 1 1056 248 212 222
Rectangle/WIN_20240427_17_16_34_Pro.jpg 1 1044 526 276 240
Rectangle/WIN_20240427_17_16_45_Pro.jpg 1 786 214 302 248
Rectangle/WIN_20240427_17_16_59_Pro.jpg 1 708 566 264 312
Rectangle/WIN_20240427_17_17_08_Pro.jpg 1 476 300 248 244
Rectangle/WIN_20240427_17_17_16_Pro.jpg 1 700 348 284 262
Rectangle/WIN_20240427_17_17_32_Pro.jpg 1 546 446 256 248
Rectangle/WIN_20240427_17_17_42_Pro.jpg 1 804 254 262 278
Rectangle/WIN_20240427_17_17_51_Pro.jpg 1 632 210 318 304
Rectangle/WIN_20240427_17_18_03_Pro.jpg 1 958 376 320 294
Rectangle/WIN_20240427_17_18_25_Pro.jpg 1 356 434 354 296
Rectangle/WIN_20240427_17_18_36_Pro.jpg 1 854 166 336 304
Rectangle/WIN_20240427_17_18_46_Pro.jpg 1 872 156 332 252
Rectangle/WIN_20240427_17_18_58_Pro.jpg 1 474 174 328 298
Rectangle/WIN_20240427_17_19_10_Pro.jpg 1 436 106 416 322
Rectangle/WIN_20240427_17_19_20_Pro.jpg 1 332 278 304 290
Rectangle/WIN_20240427_17_19_29_Pro.jpg 1 720 322 276 286
Rectangle/WIN_20240427_17_19_40_Pro.jpg 1 936 370 470 486
Rectangle/WIN_20240427_17_20_07_Pro.jpg 1 552 350 324 366
Rectangle/WIN_20240427_17_20_20_Pro.jpg 1 708 454 326 382
Rectangle/WIN_20240427_17_20_32_Pro.jpg 1 800 440 346 326
Rectangle/WIN_20240427_17_20_44_Pro.jpg 1 856 364 216 210
Rectangle/WIN_20240427_17_20_52_Pro.jpg 1 718 284 210 178
Rectangle/WIN_20240427_17_21_04_Pro.jpg 1 364 348 442 400
Rectangle/WIN_20240427_17_21_15_Pro.jpg 1 964 174 354 400
Rectangle/WIN_20240427_17_21_33_Pro.jpg 1 710 520 310 310
Rectangle/WIN_20240427_17_21_45_Pro.jpg 1 748 422 200 196
Rectangle/WIN_20240427_17_21_53_Pro.jpg 1 588 238 262 230
Rectangle/WIN_20240427_17_22_05_Pro.jpg 1 862 302 218 236
Rectangle/WIN_20240427_17_22_34_Pro.jpg 1 584 434 404 442
Rectangle/WIN_20240427_17_22_45_Pro.jpg 1 276 692 164 180
Rectangle/WIN_20240427_17_23_02_Pro.jpg 1 444 94 596 678
Rectangle/WIN_20240427_17_23_23_Pro.jpg 1 436 66 670 618
Rectangle/WIN_20240427_17_23_39_Pro.jpg 1 290 236 620 696
Rectangle/WIN_20240427_17_23_59_Pro.jpg 1 776 262 452 432
Rectangle/WIN_20240427_17_24_11_Pro.jpg 1 548 272 360 358
Rectangle/WIN_20240427_17_24_33_Pro.jpg 1 894 100 490 482
Rectangle/WIN_20240427_17_24_45_Pro.jpg 1 766 470 456 296
Rectangle/WIN_20240427_17_24_58_Pro.jpg 1 932 156 160 122
Rectangle/WIN_20240427_17_25_07_Pro.jpg 1 476 122 256 230
Rectangle/WIN_20240427_17_25_16_Pro.jpg 1 746 412 140 148
