Triangle/WIN_20240427_16_48_31_Pro.jpg 1 740 276 392 302
Triangle/WIN_20240427_16_48_59_Pro.jpg 1 652 336 272 294
Triangle/WIN_20240427_16_49_12_Pro.jpg 1 664 406 190 146
Triangle/WIN_20240427_16_49_24_Pro.jpg 1 596 386 240 246
Triangle/WIN_20240427_16_49_33_Pro.jpg 1 556 310 444 336
Triangle/WIN_20240427_16_49_42_Pro.jpg 1 480 136 342 276
Triangle/WIN_20240427_16_49_53_Pro.jpg 1 590 246 286 570
Triangle/WIN_20240427_16_50_02_Pro.jpg 1 636 318 204 224
Triangle/WIN_20240427_16_50_13_Pro.jpg 1 820 256 412 406
Triangle/WIN_20240427_16_50_40_Pro.jpg 1 812 330 268 250
Triangle/WIN_20240427_16_50_51_Pro.jpg 3 512 426 288 260 818 338 250 244 1012 486 248 234
Triangle/WIN_20240427_16_51_08_Pro.jpg 1 660 300 368 304
Triangle/WIN_20240427_16_51_15_Pro.jpg 1 722 388 128 130
Triangle/WIN_20240427_16_51_24_Pro.jpg 1 500 374 126 160
Triangle/WIN_20240427_16_51_32_Pro.jpg 1 524 398 234 214
Triangle/WIN_20240427_16_51_44_Pro.jpg 1 456 126 958 730
Triangle/WIN_20240427_16_52_04_Pro.jpg 1 502 114 428 684
Triangle/WIN_20240427_16_52_15_Pro.jpg 2 916 454 314 354 504 110 396 654
Triangle/WIN_20240427_16_52_28_Pro.jpg 1 1036 304 296 282
Triangle/WIN_20240427_16_52_36_Pro.jpg 3 642 490 354 338 1032 334 324 236 746 212 276 210
Triangle/WIN_20240427_16_52_56_Pro.jpg 2 828 318 250 392 1006 334 286 376
Triangle/WIN_20240427_16_53_10_Pro.jpg 1 444 420 528 284
Triangle/WIN_20240427_16_53_26_Pro.jpg 1 544 114 224 148
Triangle/WIN_20240427_16_53_35_Pro.jpg 1 516 110 128 88
Triangle/WIN_20240427_16_53_45_Pro.jpg 1 1158 278 330 416
Triangle/WIN_20240427_16_55_57_Pro.jpg 3 502 808 176 110 700 572 264 150 514 528 184 112
Triangle/WIN_20240427_16_56_18_Pro.jpg 1 990 182 302 242
Triangle/WIN_20240427_16_56_37_Pro.jpg 1 382 180 338 312
Triangle/WIN_20240427_16_56_56_Pro.jpg 1 858 402 228 284
Triangle/WIN_20240427_16_57_23_Pro.jpg 1 540 490 584 204
Triangle/WIN_20240427_16_57_34_Pro.jpg 1 818 278 530 408
Triangle/WIN_20240427_16_57_50_Pro.jpg 1 402 342 190 206
Triangle/WIN_20240427_16_58_09_Pro.jpg 1 1180 134 238 238
Triangle/WIN_20240427_16_58_22_Pro.jpg 1 672 654 262 246
Triangle/WIN_20240427_16_58_47_Pro.jpg 1 368 460 258 386
Triangle/WIN_20240427_16_59_01_Pro.jpg 1 868 156 392 344
Triangle/WIN_20240427_16_59_14_Pro.jpg 1 764 302 318 402
Triangle/WIN_20240427_16_59_26_Pro.jpg 1 740 274 308 276
Triangle/WIN_20240427_16_59_44_Pro.jpg 1 450 312 202 282
Triangle/WIN_20240427_16_59_58_Pro.jpg 1 674 234 290 262
Triangle/WIN_20240427_17_00_13_Pro.jpg 1 964 538 224 184
Triangle/WIN_20240427_17_00_26_Pro.jpg 1 604 398 290 290
Triangle/WIN_20240427_17_00_43_Pro.jpg 1 942 388 326 272
Triangle/WIN_20240427_17_00_56_Pro.jpg 1 394 222 346 368
Triangle/WIN_20240427_17_01_05_Pro.jpg 1 904 136 400 350
Triangle/WIN_20240427_17_01_16_Pro.jpg 1 630 388 286 318
Triangle/WIN_20240427_17_01_26_Pro.jpg 1 1158 386 304 460
Triangle/WIN_20240427_17_01_45_Pro.jpg 1 1108 484 358 388
Triangle/WIN_20240427_17_02_00_Pro.jpg 1 804 438 136 148
Triangle/WIN_20240427_17_02_19_Pro.jpg 1 1106 114 240 164
